124
177
231
284
337
496
497
870
925
1303
1355
1356
1409
1410
1463
1464
1516
1570
1624
1678
1733
1734
1788
1842
1896
1897
1950
1951
1952
1953
2063
2064
2065
2174
2228
2229
2283
2337
2339
2340
2341
2342
2396
3285
3339
3393
3447
3635
3666
3689
3696
3698
3699
3700
3701
3702
3743
3744
3745
3746
3747
3749
3753
3757
3765
3796
3801
3807
3812
3815
3822
3823
3824
3849
3850
3851
3860
3866
3875
3902
3913
3914
3920
3931
4041
4098
4153
4207
4257
4258
4259
4260
4261
4314
4315
4316
4317
4318
4319
4369
4374
4534
4553
4554
4555
4556
4557
4558
4559
4627
4681
4696
4735
4750
4789